%YAML:1.0
---
Paths:
   - "/home/alexander/course/example3/objects/train.jpg"
   - "/home/alexander/course/example3/backgrounds/toys_t1.jpg"
Probability: 7.6923078298568726e-01
Transform2d: !!opencv-matrix
   rows: 3
   cols: 3
   dt: f
   data: [ 6.96590722e-01, 2.05114903e-03, 3.43488281e+02,
       -3.87683325e-03, 6.96570039e-01, 8.27713013e+01, 0., 0., 1. ]
