%YAML:1.0
---
Paths:
   - "/home/alexander/course/example3/objects/train.jpg"
   - "/home/alexander/course/example3/backgrounds/toys_t.jpg"
Probability: 1.
Transform2d: !!opencv-matrix
   rows: 3
   cols: 3
   dt: f
   data: [ 6.95718586e-01, 2.67135096e-03, 3.43600677e+02,
       -8.80236257e-05, 6.98583841e-01, 8.20544891e+01, 0., 0., 1. ]
